#segments
50 -20 42 0 -15 47 0.3515625 0.0078125 0.0234375 1
13 -33 75 -7 -52 61 0.3984375 0.08203125 0.09765625 1
-29 -43 61 0 -15 47 0.40625 0.09765625 0.109375 1
50 -20 42 -7 -52 61 0.40625 0.09765625 0.109375 1
-45 -32 47 0 -15 47 0.40625 0.09765625 0.109375 1
-23 -30 72 -7 -52 61 0.4375 0.14453125 0.15625 1
-54 -23 43 0 -15 47 0.4375 0.14453125 0.15625 1
44 -8 57 0 -15 47 0.4375 0.14453125 0.15625 1
-45 -32 47 -7 -52 61 0.4453125 0.15625 0.171875 1
50 -20 42 10 -2 45 0.4453125 0.15625 0.171875 1
-7 -52 61 24 32 -18 0.4453125 0.15625 0.171875 1
10 -17 74 -29 -43 61 0.4453125 0.15625 0.171875 1
-40 -19 54 0 -15 47 0.4453125 0.15625 0.171875 1
20 -29 60 -7 -52 61 0.4453125 0.15625 0.171875 1
-29 -43 61 -7 -52 61 0.45703125 0.171875 0.1875 1
-7 -33 72 -7 -52 61 0.46484375 0.1875 0.19921875 1
29 -39 59 -7 -52 61 0.4765625 0.203125 0.21484375 1
44 -8 57 -40 -19 54 0.484375 0.21875 0.23046875 1
20 -29 60 50 -20 42 0.484375 0.21875 0.23046875 1
-29 -43 61 -7 -33 72 0.50390625 0.25 0.26171875 1
20 -29 60 -14 -18 40 0.50390625 0.25 0.26171875 1
10 -17 74 50 -20 42 0.50390625 0.25 0.26171875 1
-29 -43 61 20 -29 60 0.50390625 0.25 0.26171875 1
44 -8 57 -23 -30 72 0.50390625 0.25 0.26171875 1
0 -15 47 -7 -52 61 0.50390625 0.25 0.26171875 1
29 -39 59 -14 -18 40 0.50390625 0.25 0.26171875 1
20 -29 60 0 -15 47 0.515625 0.265625 0.27734375 1
0 -15 47 24 32 -18 0.515625 0.265625 0.27734375 1
-40 -19 54 -7 -52 61 0.515625 0.265625 0.27734375 1
-38 -27 69 -7 -52 61 0.5234375 0.28125 0.2890625 1
44 -8 57 -7 -52 61 0.5234375 0.28125 0.2890625 1
-7 -52 61 34 38 -12 0.5234375 0.28125 0.2890625 1
-40 -19 54 10 -2 45 0.5234375 0.28125 0.2890625 1
44 -8 57 -38 -27 69 0.5234375 0.28125 0.2890625 1
44 -8 57 -7 -33 72 0.5234375 0.28125 0.2890625 1
10 -17 74 -40 -19 54 0.5234375 0.28125 0.2890625 1
-29 -43 61 13 -33 75 0.5234375 0.28125 0.2890625 1
50 -20 42 -7 -21 65 0.53515625 0.29296875 0.3046875 1
50 -20 42 -14 -18 40 0.53515625 0.29296875 0.3046875 1
50 -20 42 -7 -33 72 0.53515625 0.29296875 0.3046875 1
-29 -43 61 -14 -18 40 0.53515625 0.29296875 0.3046875 1
-54 -23 43 -7 -52 61 0.53515625 0.29296875 0.3046875 1
20 -29 60 -40 -19 54 0.53515625 0.29296875 0.3046875 1
22 -42 69 24 32 -18 0.53515625 0.29296875 0.3046875 1
29 -39 59 -7 -33 72 0.53515625 0.29296875 0.3046875 1
50 -20 42 -40 -19 54 0.53515625 0.29296875 0.3046875 1
-38 -27 69 0 -15 47 0.53515625 0.29296875 0.3046875 1
-45 -32 47 20 -29 60 0.54296875 0.30859375 0.3203125 1
-40 -19 54 -7 -33 72 0.54296875 0.30859375 0.3203125 1
44 -8 57 24 32 -18 0.54296875 0.30859375 0.3203125 1
-29 -43 61 44 -8 57 0.54296875 0.30859375 0.3203125 1
22 -42 69 -7 -52 61 0.54296875 0.30859375 0.3203125 1
29 -39 59 0 -15 47 0.54296875 0.30859375 0.3203125 1
0 -15 47 -21 -22 -20 0.5546875 0.32421875 0.3359375 1
10 -46 73 24 32 -18 0.5546875 0.32421875 0.3359375 1
-23 -30 72 0 -15 47 0.5546875 0.32421875 0.3359375 1
-23 -30 72 -14 -18 40 0.5546875 0.32421875 0.3359375 1
44 -8 57 -7 -21 65 0.5546875 0.32421875 0.3359375 1
10 -17 74 -7 -52 61 0.5546875 0.32421875 0.3359375 1
13 -33 75 34 38 -12 0.5625 0.33984375 0.3515625 1
-45 -32 47 -14 -18 40 0.5625 0.33984375 0.3515625 1
13 -33 75 -14 -18 40 0.5625 0.33984375 0.3515625 1
29 -39 59 -7 -21 65 0.5625 0.33984375 0.3515625 1
10 -17 74 29 -39 59 0.5625 0.33984375 0.3515625 1
-29 -43 61 -23 -30 72 0.5625 0.33984375 0.3515625 1
44 -8 57 13 -33 75 0.5625 0.33984375 0.3515625 1
0 -15 47 34 38 -12 0.5625 0.33984375 0.3515625 1
20 -29 60 -54 -23 43 0.57421875 0.35546875 0.36328125 1
-40 -19 54 13 -33 75 0.57421875 0.35546875 0.36328125 1
10 -17 74 -54 -23 43 0.57421875 0.35546875 0.36328125 1
-40 -19 54 -7 -21 65 0.57421875 0.35546875 0.36328125 1
29 -39 59 -40 -19 54 0.57421875 0.35546875 0.36328125 1
-40 -19 54 -14 -18 40 0.57421875 0.35546875 0.36328125 1
44 -8 57 10 -46 73 0.57421875 0.35546875 0.36328125 1
13 -33 75 0 -15 47 0.57421875 0.35546875 0.36328125 1
0 -15 47 -14 -18 40 0.58203125 0.37109375 0.37890625 1
22 -42 69 -7 -33 72 0.58203125 0.37109375 0.37890625 1
22 -42 69 0 -15 47 0.58203125 0.37109375 0.37890625 1
44 -8 57 34 38 -12 0.58203125 0.37109375 0.37890625 1
50 -20 42 -23 -30 72 0.58203125 0.37109375 0.37890625 1
44 -8 57 50 -20 42 0.58203125 0.37109375 0.37890625 1
13 -33 75 24 32 -18 0.58203125 0.37109375 0.37890625 1
-23 -30 72 24 32 -18 0.58203125 0.37109375 0.37890625 1
-45 -32 47 29 -39 59 0.58203125 0.37109375 0.37890625 1
29 -17 71 -7 -52 61 0.58203125 0.37109375 0.37890625 1
-45 -32 47 -23 -30 72 0.59375 0.38671875 0.39453125 1
22 -42 69 20 -29 60 0.59375 0.38671875 0.39453125 1
-7 -21 65 -14 -18 40 0.59375 0.38671875 0.39453125 1
44 -8 57 20 -29 60 0.59375 0.38671875 0.39453125 1
-45 -32 47 10 -17 74 0.59375 0.38671875 0.39453125 1
10 -17 74 -14 -18 40 0.59375 0.38671875 0.39453125 1
-7 -33 72 -14 -18 40 0.59375 0.38671875 0.39453125 1
29 -39 59 -23 -30 72 0.59375 0.38671875 0.39453125 1
44 -8 57 10 -2 45 0.59375 0.38671875 0.39453125 1
44 -8 57 -54 -23 43 0.6015625 0.40234375 0.41015625 1
20 -29 60 29 -39 59 0.6015625 0.40234375 0.41015625 1
-45 -32 47 13 -33 75 0.6015625 0.40234375 0.41015625 1
22 -42 69 -14 -18 40 0.6015625 0.40234375 0.41015625 1
-29 -43 61 -7 -21 65 0.6015625 0.40234375 0.41015625 1
-29 -43 61 50 -20 42 0.6015625 0.40234375 0.41015625 1
-45 -32 47 -7 -33 72 0.6015625 0.40234375 0.41015625 1
20 -29 60 10 -46 73 0.6015625 0.40234375 0.41015625 1
-38 -27 69 -14 -18 40 0.6015625 0.40234375 0.41015625 1
10 -46 73 0 -15 47 0.6015625 0.40234375 0.41015625 1
22 -42 69 34 38 -12 0.6015625 0.40234375 0.41015625 1
10 -17 74 44 -8 57 0.6015625 0.40234375 0.41015625 1
22 -42 69 -40 -19 54 0.6015625 0.40234375 0.41015625 1
-7 -33 72 34 38 -12 0.6015625 0.40234375 0.41015625 1
10 -2 45 -14 -18 40 0.61328125 0.41796875 0.42578125 1
10 -46 73 -7 -52 61 0.61328125 0.41796875 0.42578125 1
44 -8 57 29 -39 59 0.61328125 0.41796875 0.42578125 1
-29 -43 61 10 -2 45 0.61328125 0.41796875 0.42578125 1
-54 -23 43 -7 -33 72 0.61328125 0.41796875 0.42578125 1
20 -29 60 24 32 -18 0.61328125 0.41796875 0.42578125 1
-38 -27 69 10 -2 45 0.61328125 0.41796875 0.42578125 1
-45 -32 47 10 -2 45 0.61328125 0.41796875 0.42578125 1
22 -42 69 44 -8 57 0.61328125 0.41796875 0.42578125 1
-29 -43 61 10 -46 73 0.61328125 0.41796875 0.42578125 1
-40 -19 54 10 -46 73 0.61328125 0.41796875 0.42578125 1
-45 -32 47 44 -8 57 0.61328125 0.41796875 0.42578125 1
-54 -23 43 10 -2 45 0.61328125 0.41796875 0.42578125 1
-45 -32 47 10 -46 73 0.61328125 0.41796875 0.42578125 1
22 -42 69 50 -20 42 0.61328125 0.41796875 0.42578125 1
-40 -19 54 -23 -30 72 0.61328125 0.41796875 0.42578125 1
10 -2 45 -7 -52 61 0.61328125 0.41796875 0.42578125 1
29 -39 59 24 32 -18 0.61328125 0.41796875 0.42578125 1
50 -20 42 13 -33 75 0.62109375 0.4296875 0.44140625 1
-7 -33 72 0 -15 47 0.62109375 0.4296875 0.44140625 1
20 -29 60 10 -2 45 0.62109375 0.4296875 0.44140625 1
-54 -23 43 -7 -21 65 0.62109375 0.4296875 0.44140625 1
-7 -33 72 24 32 -18 0.62109375 0.4296875 0.44140625 1
-23 -30 72 34 38 -12 0.62109375 0.4296875 0.44140625 1
29 -39 59 -54 -23 43 0.62109375 0.4296875 0.44140625 1
-29 -43 61 24 32 -18 0.62109375 0.4296875 0.44140625 1
29 -17 71 -14 -18 40 0.62109375 0.4296875 0.44140625 1
20 -29 60 -38 -27 69 0.6328125 0.4453125 0.453125 1
29 -39 59 13 -33 75 0.6328125 0.4453125 0.453125 1
-23 -30 72 -54 -23 43 0.6328125 0.4453125 0.453125 1
29 -17 71 0 -15 47 0.6328125 0.4453125 0.453125 1
22 -42 69 -7 -21 65 0.6328125 0.4453125 0.453125 1
50 -20 42 29 -39 59 0.640625 0.4609375 0.46875 1
-7 -21 65 0 -15 47 0.640625 0.4609375 0.46875 1
29 -39 59 10 -2 45 0.640625 0.4609375 0.46875 1
44 -8 57 -14 -18 40 0.640625 0.4609375 0.46875 1
-45 -32 47 -7 -21 65 0.640625 0.4609375 0.46875 1
10 -46 73 34 38 -12 0.640625 0.4609375 0.46875 1
20 -29 60 34 38 -12 0.640625 0.4609375 0.46875 1
50 -20 42 10 -46 73 0.65234375 0.4765625 0.484375 1
10 -46 73 -14 -18 40 0.65234375 0.4765625 0.484375 1
-54 -23 43 13 -33 75 0.65234375 0.4765625 0.484375 1
-45 -32 47 22 -42 69 0.66015625 0.4921875 0.5 1
-54 -23 43 -14 -18 40 0.66015625 0.4921875 0.5 1
10 -17 74 -38 -27 69 0.66015625 0.4921875 0.5 1
-7 -21 65 -7 -52 61 0.66015625 0.4921875 0.5 1
10 -17 74 0 -15 47 0.66015625 0.4921875 0.5 1
29 -39 59 34 38 -12 0.66015625 0.4921875 0.5 1
10 -2 45 0 -15 47 0.66015625 0.4921875 0.5 1
-14 -18 40 -7 -52 61 0.66015625 0.4921875 0.5 1
29 -17 71 -7 -33 72 0.671875 0.5078125 0.515625 1
10 -17 74 34 38 -12 0.671875 0.5078125 0.515625 1
44 -8 57 29 -17 71 0.671875 0.5078125 0.515625 1
20 -29 60 -7 -33 72 0.671875 0.5078125 0.515625 1
20 -29 60 -23 -30 72 0.671875 0.5078125 0.515625 1
20 -29 60 13 -33 75 0.671875 0.5078125 0.515625 1
10 -17 74 20 -29 60 0.671875 0.5078125 0.515625 1
-23 -30 72 10 -2 45 0.671875 0.5078125 0.515625 1
10 -46 73 -7 -33 72 0.6796875 0.5234375 0.53125 1
-38 -27 69 29 -39 59 0.6796875 0.5234375 0.53125 1
22 -42 69 -29 -43 61 0.6796875 0.5234375 0.53125 1
-29 -43 61 34 38 -12 0.6796875 0.5234375 0.53125 1
-7 -21 65 10 -2 45 0.69140625 0.5390625 0.54296875 1
44 -8 57 -21 -22 -20 0.69140625 0.5390625 0.54296875 1
-45 -32 47 -40 -19 54 0.69140625 0.5390625 0.54296875 1
29 -39 59 10 -46 73 0.69140625 0.5390625 0.54296875 1
22 -42 69 -23 -30 72 0.69921875 0.5546875 0.55859375 1
-29 -43 61 29 -39 59 0.69921875 0.5546875 0.55859375 1
-38 -27 69 -7 -21 65 0.69921875 0.5546875 0.55859375 1
-7 -33 72 10 -2 45 0.69921875 0.5546875 0.55859375 1
10 -2 45 24 32 -18 0.69921875 0.5546875 0.55859375 1
-45 -32 47 50 -20 42 0.69921875 0.5546875 0.55859375 1
22 -42 69 10 -17 74 0.69921875 0.5546875 0.55859375 1
-7 -21 65 34 38 -12 0.69921875 0.5546875 0.55859375 1
-14 -18 40 34 38 -12 0.69921875 0.5546875 0.55859375 1
-7 -21 65 24 32 -18 0.69921875 0.5546875 0.55859375 1
-29 -43 61 -40 -19 54 0.7109375 0.56640625 0.57421875 1
29 -17 71 -7 -21 65 0.7109375 0.56640625 0.57421875 1
-14 -18 40 24 32 -18 0.7109375 0.56640625 0.57421875 1
-38 -27 69 50 -20 42 0.7109375 0.56640625 0.57421875 1
10 -17 74 24 32 -18 0.71875 0.58203125 0.58984375 1
29 -17 71 24 32 -18 0.71875 0.58203125 0.58984375 1
-23 -30 72 10 -46 73 0.71875 0.58203125 0.58984375 1
-23 -30 72 29 -17 71 0.71875 0.58203125 0.58984375 1
-40 -19 54 -54 -23 43 0.71875 0.58203125 0.58984375 1
-38 -27 69 -7 -33 72 0.71875 0.58203125 0.58984375 1
22 -42 69 29 -39 59 0.71875 0.58203125 0.58984375 1
22 -42 69 -38 -27 69 0.71875 0.58203125 0.58984375 1
-40 -19 54 24 32 -18 0.73046875 0.59765625 0.60546875 1
-23 -30 72 -7 -21 65 0.73046875 0.59765625 0.60546875 1
-45 -32 47 24 32 -18 0.73046875 0.59765625 0.60546875 1
-38 -27 69 10 -46 73 0.73046875 0.59765625 0.60546875 1
22 -42 69 -54 -23 43 0.73046875 0.59765625 0.60546875 1
20 -29 60 -7 -21 65 0.73046875 0.59765625 0.60546875 1
-54 -23 43 24 32 -18 0.73046875 0.59765625 0.60546875 1
-38 -27 69 13 -33 75 0.73046875 0.59765625 0.60546875 1
-38 -27 69 -54 -23 43 0.73828125 0.61328125 0.62109375 1
10 -17 74 29 -17 71 0.73828125 0.61328125 0.62109375 1
50 -20 42 29 -17 71 0.73828125 0.61328125 0.62109375 1
50 -20 42 -54 -23 43 0.73828125 0.61328125 0.62109375 1
29 -17 71 10 -2 45 0.73828125 0.61328125 0.62109375 1
13 -33 75 -7 -21 65 0.73828125 0.61328125 0.62109375 1
10 -17 74 -23 -30 72 0.73828125 0.61328125 0.62109375 1
10 -46 73 -54 -23 43 0.75 0.62890625 0.6328125 1
-40 -19 54 34 38 -12 0.75 0.62890625 0.6328125 1
50 -20 42 34 38 -12 0.75 0.62890625 0.6328125 1
10 -2 45 34 38 -12 0.75 0.62890625 0.6328125 1
20 -29 60 29 -17 71 0.75 0.62890625 0.6328125 1
10 -46 73 29 -17 71 0.75 0.62890625 0.6328125 1
-38 -27 69 29 -17 71 0.75 0.62890625 0.6328125 1
-23 -30 72 -7 -33 72 0.75 0.62890625 0.6328125 1
0 -15 47 17 -28 -17 0.75 0.62890625 0.6328125 1
13 -33 75 10 -2 45 0.7578125 0.64453125 0.6484375 1
-38 -27 69 24 32 -18 0.7578125 0.64453125 0.6484375 1
22 -42 69 10 -2 45 0.7578125 0.64453125 0.6484375 1
-38 -27 69 34 38 -12 0.7578125 0.64453125 0.6484375 1
10 -17 74 10 -2 45 0.7578125 0.64453125 0.6484375 1
-29 -43 61 29 -17 71 0.7578125 0.64453125 0.6484375 1
-40 -19 54 29 -17 71 0.76953125 0.66015625 0.6640625 1
22 -42 69 13 -33 75 0.76953125 0.66015625 0.6640625 1
29 -17 71 34 38 -12 0.76953125 0.66015625 0.6640625 1
-45 -32 47 -38 -27 69 0.76953125 0.66015625 0.6640625 1
50 -20 42 -21 -22 -20 0.76953125 0.66015625 0.6640625 1
-45 -32 47 -21 -22 -20 0.76953125 0.66015625 0.6640625 1
-23 -30 72 13 -33 75 0.76953125 0.66015625 0.6640625 1
-29 -43 61 -38 -27 69 0.76953125 0.66015625 0.6640625 1
50 -20 42 24 32 -18 0.77734375 0.67578125 0.6796875 1
10 -2 45 -21 -22 -20 0.77734375 0.67578125 0.6796875 1
-29 -43 61 -21 -22 -20 0.77734375 0.67578125 0.6796875 1
29 -17 71 13 -33 75 0.77734375 0.67578125 0.6796875 1
22 -42 69 29 -17 71 0.77734375 0.67578125 0.6796875 1
-7 -52 61 -21 -22 -20 0.7890625 0.69140625 0.6953125 1
10 -46 73 -7 -21 65 0.7890625 0.69140625 0.6953125 1
10 -46 73 13 -33 75 0.7890625 0.69140625 0.6953125 1
10 -17 74 -7 -33 72 0.796875 0.703125 0.70703125 1
29 -17 71 -54 -23 43 0.796875 0.703125 0.70703125 1
-45 -32 47 34 38 -12 0.796875 0.703125 0.70703125 1
-54 -23 43 34 38 -12 0.80859375 0.71875 0.72265625 1
10 -17 74 -21 -22 -20 0.80859375 0.71875 0.72265625 1
13 -33 75 -7 -33 72 0.80859375 0.71875 0.72265625 1
10 -17 74 10 -46 73 0.80859375 0.71875 0.72265625 1
-29 -43 61 -54 -23 43 0.80859375 0.71875 0.72265625 1
44 -8 57 17 -28 -17 0.80859375 0.71875 0.72265625 1
-45 -32 47 -29 -43 61 0.80859375 0.71875 0.72265625 1
-40 -19 54 -21 -22 -20 0.80859375 0.71875 0.72265625 1
-14 -18 40 -21 -22 -20 0.81640625 0.734375 0.73828125 1
50 -20 42 17 -28 -17 0.81640625 0.734375 0.73828125 1
-23 -30 72 -21 -22 -20 0.81640625 0.734375 0.73828125 1
-38 -27 69 -23 -30 72 0.81640625 0.734375 0.73828125 1
22 -42 69 10 -46 73 0.81640625 0.734375 0.73828125 1
10 -46 73 10 -2 45 0.828125 0.75 0.75390625 1
-29 -43 61 17 -28 -17 0.828125 0.75 0.75390625 1
34 38 -12 -21 -22 -20 0.828125 0.75 0.75390625 1
-54 -23 43 -21 -22 -20 0.828125 0.75 0.75390625 1
10 -17 74 13 -33 75 0.828125 0.75 0.75390625 1
10 -46 73 -21 -22 -20 0.828125 0.75 0.75390625 1
-7 -52 61 17 -28 -17 0.828125 0.75 0.75390625 1
-45 -32 47 29 -17 71 0.828125 0.75 0.75390625 1
-38 -27 69 -21 -22 -20 0.8359375 0.765625 0.76953125 1
22 -42 69 17 -28 -17 0.8359375 0.765625 0.76953125 1
-7 -33 72 -21 -22 -20 0.8359375 0.765625 0.76953125 1
34 38 -12 24 32 -18 0.8359375 0.765625 0.76953125 1
17 -28 -17 24 32 -18 0.84765625 0.78125 0.78515625 1
13 -33 75 -21 -22 -20 0.84765625 0.78125 0.78515625 1
29 -39 59 29 -17 71 0.84765625 0.78125 0.78515625 1
10 -17 74 -7 -21 65 0.84765625 0.78125 0.78515625 1
-21 -22 -20 24 32 -18 0.84765625 0.78125 0.78515625 1
-7 -21 65 -21 -22 -20 0.84765625 0.78125 0.78515625 1
-45 -32 47 -54 -23 43 0.84765625 0.78125 0.78515625 1
29 -17 71 -21 -22 -20 0.85546875 0.796875 0.796875 1
29 -17 71 17 -28 -17 0.85546875 0.796875 0.796875 1
22 -42 69 -21 -22 -20 0.85546875 0.796875 0.796875 1
-7 -33 72 -7 -21 65 0.85546875 0.796875 0.796875 1
-45 -32 47 17 -28 -17 0.875 0.828125 0.828125 1
20 -29 60 -21 -22 -20 0.875 0.828125 0.828125 1
29 -39 59 -21 -22 -20 0.875 0.828125 0.828125 1
-38 -27 69 17 -28 -17 0.875 0.828125 0.828125 1
-14 -18 40 17 -28 -17 0.88671875 0.83984375 0.84375 1
-40 -19 54 17 -28 -17 0.88671875 0.83984375 0.84375 1
-23 -30 72 17 -28 -17 0.88671875 0.83984375 0.84375 1
10 -46 73 17 -28 -17 0.88671875 0.83984375 0.84375 1
-38 -27 69 -40 -19 54 0.89453125 0.85546875 0.859375 1
10 -2 45 17 -28 -17 0.90625 0.87109375 0.875 1
-54 -23 43 17 -28 -17 0.9140625 0.88671875 0.88671875 1
17 -28 -17 -21 -22 -20 0.9140625 0.88671875 0.88671875 1
29 -39 59 17 -28 -17 0.9140625 0.88671875 0.88671875 1
34 38 -12 17 -28 -17 0.92578125 0.90234375 0.90234375 1
-7 -33 72 17 -28 -17 0.93359375 0.91796875 0.91796875 1
13 -33 75 17 -28 -17 0.9453125 0.93359375 0.93359375 1
-7 -21 65 17 -28 -17 0.96484375 0.96484375 0.96484375 1
10 -17 74 17 -28 -17 0.96484375 0.96484375 0.96484375 1
20 -29 60 17 -28 -17 0.96484375 0.96484375 0.96484375 1
