171 122 0.075484
259 219 0.075486
225 60 0.075505
60 9 0.075516
133 48 0.075528
201 66 0.075547
217 80 0.075554
81 59 0.075558
174 72 0.075590
86 14 0.075600
105 59 0.075603
159 122 0.075625
132 45 0.075631
248 113 0.075634
213 16 0.075654
194 191 0.075665
209 163 0.075698
192 57 0.075701
227 189 0.075745
132 109 0.075745
112 105 0.075806
210 163 0.075857
160 149 0.075894
233 123 0.075960
163 57 0.076003
243 140 0.076009
132 84 0.076039
257 249 0.076051
227 146 0.076061
57 11 0.076085
201 14 0.076110
258 219 0.076112
187 129 0.076142
233 56 0.076153
201 105 0.076161
137 3 0.076162
229 211 0.076167
97 57 0.076185
210 189 0.076245
227 85 0.076306
26 9 0.076316
176 59 0.076329
217 132 0.076347
220 81 0.076353
247 154 0.076361
228 97 0.076364
249 67 0.076400
233 212 0.076419
137 59 0.076432
190 16 0.076435
57 9 0.076439
243 118 0.076449
52 6 0.076468
264 16 0.076470
121 54 0.076487
157 145 0.076488
261 98 0.076496
124 118 0.076515
83 68 0.076562
107 103 0.076574
104 59 0.076602
185 129 0.076607
177 20 0.076622
260 108 0.076648
40 32 0.076660
215 207 0.076667
230 102 0.076682
94 28 0.076701
189 60 0.076709
191 167 0.076715
99 59 0.076746
229 97 0.076748
84 73 0.076768
249 217 0.076831
116 59 0.076848
154 1 0.076860
253 151 0.076863
230 103 0.076892
243 164 0.076892
137 57 0.076922
232 125 0.076954
147 93 0.076954
92 57 0.076980
260 141 0.076988
35 32 0.077018
263 12 0.077026
231 103 0.077047
104 16 0.077070
216 82 0.077074
173 148 0.077077
231 56 0.077078
230 101 0.077086
132 26 0.077096
163 158 0.077114
188 106 0.077117
195 16 0.077117
260 105 0.077131
253 150 0.077137
132 67 0.077200
211 109 0.077204
216 207 0.077212
231 211 0.077217
232 99 0.077262
260 149 0.077268
249 71 0.077276
215 43 0.077308
262 126 0.077313
149 90 0.077346
249 144 0.077347
171 149 0.077359
100 45 0.077366
193 53 0.077368
170 90 0.077371
214 105 0.077408
209 44 0.077429
106 60 0.077435
216 129 0.077436
251 14 0.077443
212 112 0.077456
215 102 0.077484
243 198 0.077497
229 99 0.077548
185 81 0.077561
190 145 0.077590
147 125 0.077595
256 16 0.077611
228 99 0.077622
176 102 0.077630
169 152 0.077671
100 42 0.077685
199 34 0.077695
116 58 0.077700
211 43 0.077704
98 57 0.077736
170 141 0.077753
197 55 0.077791
110 57 0.077798
121 38 0.077822
147 90 0.077870
217 16 0.077893
97 54 0.077919
152 132 0.077938
190 90 0.077950
249 49 0.077965
243 132 0.078024
263 101 0.078033
190 124 0.078047
206 132 0.078048
133 45 0.078048
209 12 0.078060
197 69 0.078064
209 201 0.078203
210 107 0.078228
197 109 0.078316
191 146 0.078369
215 115 0.078370
214 12 0.078376
227 110 0.078378
157 141 0.078405
249 209 0.078424
106 76 -0.078424
249 69 0.078430
158 151 0.078459
232 137 0.078466
208 171 0.078479
149 104 0.078484
215 197 0.078536
249 233 0.078536
210 105 0.078555
125 10 0.078580
174 99 0.078636
193 54 0.078695
108 58 0.078713
122 57 0.078737
128 60 0.078767
229 3 0.078785
153 151 0.078786
187 99 0.078792
120 68 0.078802
249 229 0.078804
28 22 0.078812
217 96 0.078833
140 93 0.078886
260 165 0.078922
198 107 0.078932
246 151 0.078943
126 88 0.078953
225 40 0.078958
132 55 0.078962
212 207 0.078974
112 59 0.078998
132 71 0.079020
109 98 0.079030
86 43 0.079035
225 16 0.079039
216 32 0.079080
152 143 0.079099
56 12 0.079110
167 125 0.079142
211 129 0.079166
257 132 0.079171
254 250 0.079185
140 74 0.079191
132 56 0.079192
215 3 0.079210
189 112 0.079271
230 207 0.079274
210 122 0.079304
52 3 0.079329
201 55 0.079336
112 57 0.079377
221 55 0.079394
136 40 0.079457
243 207 0.079480
209 97 0.079512
59 16 0.079561
94 72 0.079612
249 52 0.079630
249 56 0.079658
212 3 0.079680
176 104 0.079687
170 118 0.079698
247 183 0.079718
246 184 0.079721
114 20 0.079755
224 16 0.079813
245 118 0.079824
152 126 0.079852
198 111 0.079857
163 132 0.079860
220 5 0.079911
231 206 0.079918
85 57 0.079951
202 105 0.079958
137 134 0.079972
97 60 0.079979
261 121 0.080024
181 78 0.080034
132 52 0.080040
139 57 0.080042
152 131 0.080053
214 16 0.080062
177 65 0.080080
232 55 0.080092
152 147 0.080106
220 12 0.080117
129 6 0.080168
152 1 0.080181
161 152 0.080283
222 152 0.080284
193 16 0.080320
99 56 0.080321
249 122 0.080356
198 109 0.080373
209 101 0.080388
230 111 0.080418
212 121 0.080440
216 123 0.080538
187 117 0.080558
220 163 0.080572
232 66 0.080576
149 2 0.080629
206 122 0.080639
217 121 0.080653
172 74 0.080700
121 56 0.080740
260 145 0.080756
94 45 0.080797
159 140 0.080797
163 153 0.080821
217 207 0.080826
249 26 0.080867
243 122 0.080950
260 167 0.080955
217 210 0.080983
257 173 0.080998
199 145 0.081020
249 215 0.081021
112 54 0.081039
201 59 0.081057
189 81 0.081078
126 121 0.081091
217 201 0.081100
207 111 0.081119
199 25 0.081149
217 75 0.081149
217 103 0.081151
217 99 0.081167
260 85 0.081171
230 214 0.081195
241 168 0.081204
93 57 0.081250
227 137 0.081277
227 210 0.081324
243 152 0.081331
105 60 0.081332
132 43 0.081382
167 90 0.081451
59 43 0.081460
232 139 0.081478
59 40 0.081514
227 105 0.081600
183 159 0.081607
227 103 0.081674
212 137 0.081759
60 3 0.081766
252 123 0.081850
230 81 0.081914
132 114 0.081921
151 93 0.081932
245 141 0.081950
227 121 0.081951
107 76 0.081967
220 111 0.081979
189 111 0.082013
217 97 0.082016
213 139 0.082040
208 105 0.082056
208 93 0.082057
247 211 0.082078
202 102 0.082083
149 132 0.082119
121 59 0.082131
212 129 0.082173
227 55 0.082430
260 122 0.082435
209 93 0.082464
190 143 0.082496
229 85 0.082532
178 121 0.082537
236 148 0.082544
138 121 0.082545
247 85 0.082546
197 149 0.082574
208 102 0.082635
170 125 0.082700
195 69 0.082752
249 208 0.082766
210 59 0.082795
213 82 0.082828
164 90 0.082931
132 103 0.082939
94 26 0.082959
116 60 0.082972
249 161 0.082997
82 60 0.082997
157 140 0.083010
208 110 0.083055
53 40 0.083093
123 3 0.083168
168 1 0.083208
231 85 0.083221
264 249 0.083252
152 32 0.083268
263 121 0.083273
207 113 0.083293
261 51 0.083301
231 82 0.083302
248 182 0.083374
58 3 0.083414
215 75 0.083494
169 141 0.083505
212 201 0.083536
216 103 0.083631
139 59 0.083660
248 227 0.083695
212 115 0.083703
189 105 0.083750
220 210 0.083881
110 52 0.083881
247 3 0.083885
149 122 0.083910
209 104 0.083918
217 128 0.083980
117 55 0.083990
246 146 0.084009
60 11 0.084013
200 148 0.084027
212 103 0.084039
150 125 0.084062
189 109 0.084070
80 57 0.084083
216 98 0.084086
209 9 0.084127
208 81 0.084131
207 198 0.084154
189 113 0.084197
173 132 0.084230
217 101 0.084239
186 16 0.084276
220 20 0.084291
152 93 0.084326
103 55 0.084407
229 123 0.084421
169 148 0.084431
191 163 0.084448
231 3 0.084448
251 219 0.084544
212 82 0.084618
214 210 0.084657
260 110 0.084697
231 137 0.084709
122 59 0.084771
99 55 0.084776
213 98 0.084785
230 212 0.084802
207 122 0.084873
158 9 0.084882
152 149 0.084945
161 158 0.085037
216 43 0.085045
56 3 0.085083
210 104 0.085087
154 132 0.085103
189 115 0.085121
158 146 0.085157
202 16 0.085158
161 148 0.085182
152 90 0.085193
150 141 0.085219
253 152 0.085277
152 141 0.085293
207 108 0.085347
139 3 0.085372
220 115 0.085415
54 40 0.085422
209 116 0.085466
209 113 0.085510
209 139 0.085530
229 119 0.085554
260 219 0.085601
219 192 0.085630
231 212 0.085758
263 215 0.085768
231 97 0.085810
147 1 0.085863
252 146 0.085865
189 104 0.085969
249 173 0.086004
98 59 0.086054
209 1 0.086080
252 172 0.086096
110 58 0.086103
125 56 0.086133
234 56 0.086154
132 7 0.086211
153 152 0.086282
189 103 0.086305
239 229 0.086310
257 83 0.086323
197 163 0.086327
230 3 0.086391
32 29 0.086418
243 137 0.086493
110 103 0.086558
213 105 0.086575
110 56 0.086582
230 105 0.086605
122 102 0.086620
196 3 0.086624
154 140 0.086625
169 145 0.086654
183 93 0.086668
249 60 0.086696
60 43 0.086717
229 128 0.086776
84 66 0.086844
209 99 0.087017
215 210 0.087077
246 152 0.087095
132 8 0.087312
171 132 0.087374
103 54 0.087380
124 121 0.087380
103 56 0.087411
101 16 0.087429
157 129 0.087441
177 66 0.087455
233 129 0.087461
193 138 0.087476
220 102 0.087556
227 102 0.087575
146 74 0.087577
141 129 0.087677
151 147 0.087723
141 81 0.087749
54 15 0.087786
206 105 0.087794
187 66 0.087804
217 175 0.087859
241 87 0.087974
215 103 0.087995
249 211 0.088080
141 132 0.088241
209 110 0.088388
217 98 0.088442
210 132 0.088470
217 115 0.088485
220 108 0.088520
230 129 0.088558
197 102 0.088576
216 102 0.088625
216 75 0.088646
132 63 0.088674
220 110 0.088715
247 198 0.088727
239 152 0.088728
217 82 0.088777
231 139 0.088783
164 141 0.088821
209 108 0.088838
32 15 0.088864
139 132 0.088916
206 102 0.088980
209 86 0.088996
236 74 0.089009
220 139 0.089021
190 93 0.089061
209 196 0.089346
52 9 0.089483
232 84 0.089656
112 3 0.089674
232 118 0.089786
201 102 0.089808
206 112 0.089867
164 126 0.090003
232 129 0.090029
209 181 0.090054
230 112 0.090088
232 121 0.090176
241 154 0.090229
177 151 0.090550
230 97 0.090590
211 76 0.090590
257 150 0.090680
108 60 0.090681
207 60 0.090749
232 117 0.090756
207 181 0.090778
99 51 0.090841
217 112 0.090951
198 105 0.090995
93 55 0.091071
220 207 0.091153
207 188 0.091171
132 12 0.091184
84 55 0.091200
207 3 0.091238
207 71 0.091452
84 45 0.091453
260 140 0.091776
208 106 0.091801
152 124 0.091895
252 1 0.091912
183 141 0.092011
57 3 0.092013
263 216 0.092111
209 98 0.092136
212 98 0.092138
261 112 0.092171
110 60 0.092174
214 55 0.092264
173 157 0.092290
246 132 0.092377
260 171 0.092429
84 65 0.092496
182 102 0.092590
230 123 0.092703
212 16 0.092738
220 76 0.092762
213 99 0.092772
207 99 0.092888
243 79 0.093150
217 104 0.093252
210 113 0.093274
103 60 0.093282
241 220 0.093299
104 54 0.093424
248 10 0.093468
198 76 0.093475
158 152 0.093497
260 152 0.093680
100 54 0.093753
227 3 0.093789
149 1 0.093820
170 164 0.093878
247 181 0.094311
213 102 0.094339
164 125 0.094373
252 152 0.094444
212 210 0.094483
84 57 0.094566
154 152 0.094592
208 129 0.094597
215 105 0.094865
157 137 0.094910
198 102 0.094977
250 220 -0.095008
112 16 0.095060
230 85 0.095064
250 19 0.095076
188 102 0.095292
249 57 0.095313
239 125 0.095363
231 99 0.095488
227 99 0.095591
211 3 0.095611
219 191 0.095845
172 126 0.096198
260 146 0.096220
230 99 0.096242
262 152 0.096259
171 74 0.096273
132 3 0.096287
233 82 0.096410
200 132 0.096418
230 139 0.096456
209 76 0.096520
241 78 0.096591
210 109 0.096625
139 52 0.097000
188 105 0.097182
98 54 0.097240
249 43 0.097497
227 129 0.097594
121 57 0.097948
197 110 0.097965
139 60 0.097996
209 109 0.098012
149 111 0.098150
189 132 0.098337
200 74 0.098488
220 109 0.098608
231 132 0.098665
161 140 0.098803
210 111 0.098850
233 85 0.098907
189 108 0.099223
229 132 0.099263
209 115 0.099287
152 118 0.099300
100 16 0.099492
247 132 0.099614
211 103 0.099907
209 103 0.100371
129 57 0.100373
102 3 0.100588
212 175 0.100623
208 103 0.100687
263 219 0.100889
247 141 0.101172
249 72 0.101216
243 141 0.101744
227 139 0.101846
137 55 0.101910
197 105 0.101931
181 132 0.102301
246 9 0.102392
152 74 0.102540
227 82 0.102628
99 16 0.102882
209 189 0.102983
144 83 0.103096
152 125 0.103375
260 151 0.103415
198 108 0.103485
76 60 0.103608
230 132 0.103892
215 16 0.103981
261 99 0.104337
210 108 0.104685
164 152 0.105673
124 84 0.106034
209 105 0.106612
207 189 0.106792
171 152 0.106806
85 3 0.106974
227 81 0.107697
214 3 0.107801
99 47 0.108580
99 57 0.108711
102 54 0.109129
197 108 0.109141
164 146 0.111457
212 75 0.113194
216 16 0.113597
230 82 0.114899
210 110 0.115518
147 141 0.115522
217 105 0.115533
99 54 0.115542
210 76 0.116887
217 102 0.116975
212 105 0.117945
220 105 0.121601
209 3 0.124200
249 75 -0.125252
212 102 0.126950
