208 12 0.064116
239 146 0.064123
217 16 0.064128
192 26 0.064169
256 136 0.064188
252 93 0.064194
190 88 0.064196
212 102 0.064221
256 219 0.064222
243 90 0.064244
221 16 0.064282
261 14 0.064303
111 12 0.064313
112 59 0.064319
219 111 0.064328
112 76 0.064331
197 83 -0.064338
170 161 0.064381
143 131 0.064383
194 14 0.064408
192 32 0.064410
231 3 0.064416
177 90 0.064442
119 104 -0.064448
219 162 0.064457
206 113 0.064486
128 52 0.064488
211 128 0.064499
259 245 0.064548
167 1 0.064548
190 144 0.064550
215 175 0.064581
146 32 0.064593
189 111 0.064593
159 135 0.064611
195 42 0.064618
114 50 -0.064671
191 136 0.064685
236 160 0.064712
238 186 0.064732
113 12 0.064743
152 90 0.064761
94 66 0.064791
190 41 0.064817
221 48 0.064823
100 72 0.064828
40 24 0.064830
118 68 0.064845
216 51 0.064845
152 94 0.064857
133 87 -0.064873
92 72 0.064885
101 3 0.064904
240 194 0.064915
195 147 0.064919
109 91 -0.064922
209 175 0.064922
194 135 0.064929
199 36 0.064937
230 3 0.064967
264 16 0.065009
98 59 0.065056
107 12 0.065070
258 121 0.065076
149 86 0.065082
163 161 0.065103
219 176 0.065108
163 157 0.065138
177 159 0.065153
54 24 0.065157
194 161 0.065198
249 247 0.065241
257 158 0.065256
183 93 0.065288
191 146 0.065289
209 122 0.065300
202 105 0.065312
203 133 0.065318
176 96 0.065347
260 145 0.065371
238 177 0.065421
192 150 0.065431
190 169 0.065462
110 12 0.065473
194 32 0.065482
170 89 0.065485
133 24 0.065537
205 16 0.065569
259 72 0.065569
257 145 0.065572
208 108 0.065589
96 72 0.065601
210 111 0.065632
118 69 0.065662
262 170 0.065674
195 163 0.065679
208 123 0.065698
212 175 0.065710
164 131 0.065714
262 131 0.065716
219 156 0.065718
161 143 0.065742
84 42 0.065762
252 195 0.065767
195 64 0.065774
237 177 0.065774
64 20 0.065780
99 97 0.065780
186 63 0.065780
114 106 0.065791
188 104 0.065795
170 118 0.065837
152 38 0.065839
42 14 0.065861
221 20 0.065877
259 14 0.065886
255 190 0.065893
122 59 0.065896
54 40 0.065910
201 45 0.065962
194 167 0.066008
190 25 0.066015
170 79 0.066030
186 44 0.066034
133 25 0.066044
187 65 0.066060
181 132 0.066080
139 110 0.066096
148 86 0.066100
238 190 0.066127
166 135 0.066127
259 34 0.066131
49 24 0.066155
241 110 0.066201
260 192 0.066224
243 79 0.066231
247 10 0.066260
152 32 0.066328
259 146 0.066382
230 82 0.066417
92 41 0.066434
207 181 0.066440
257 143 0.066449
238 94 0.066470
163 33 0.066483
173 163 0.066491
85 3 0.066572
239 229 0.066587
259 117 0.066596
195 26 0.066599
117 69 0.066611
192 191 0.066614
177 145 0.066615
116 62 0.066634
202 99 0.066640
243 213 -0.066667
187 99 0.066676
183 1 0.066682
212 115 0.066692
208 139 0.066722
253 1 0.066728
219 139 0.066750
203 30 0.066754
192 48 0.066785
208 137 0.066789
92 48 0.066792
204 33 0.066800
161 150 0.066809
170 131 0.066822
190 36 0.066847
193 178 0.066853
177 45 0.066870
125 52 0.066875
93 25 0.066881
253 151 0.066889
219 12 0.066915
194 148 0.066950
215 104 0.066966
147 90 0.067004
152 1 0.067077
177 148 0.067095
245 161 0.067110
195 150 0.067118
256 130 0.067130
85 82 0.067137
28 24 0.067157
199 28 0.067218
191 159 0.067228
191 72 0.067236
188 137 0.067265
194 30 0.067271
190 145 0.067279
190 80 0.067282
175 16 0.067302
164 8 0.067366
119 102 -0.067383
214 105 0.067468
255 133 0.067499
112 16 0.067516
130 48 0.067552
211 3 0.067591
146 131 0.067601
259 86 0.067622
154 86 0.067627
221 33 0.067651
211 76 0.067702
207 60 0.067730
34 24 0.067800
195 32 0.067818
248 10 0.067825
176 70 0.067826
256 163 0.067867
259 167 0.067885
208 181 0.067916
156 118 0.067934
198 111 0.067940
259 64 0.067944
194 149 0.067956
37 24 -0.067960
191 105 0.067980
131 20 0.068023
177 146 0.068038
208 110 0.068045
203 33 0.068096
215 16 0.068104
258 192 0.068127
203 192 0.068129
189 139 0.068174
170 144 0.068193
149 1 0.068212
223 171 -0.068221
94 36 0.068225
84 20 0.068267
119 98 -0.068269
86 72 0.068298
199 145 0.068303
259 203 0.068310
209 110 0.068356
131 126 0.068369
255 95 0.068421
236 191 0.068465
169 145 0.068520
241 181 0.068549
191 89 0.068549
255 93 0.068563
200 110 0.068568
194 173 0.068572
147 1 0.068588
66 20 0.068604
208 76 0.068608
174 99 0.068612
194 170 0.068626
204 80 0.068685
123 56 0.068702
64 45 0.068708
220 113 0.068716
119 112 -0.068722
187 130 0.068769
206 108 0.068783
191 24 0.068783
104 59 0.068863
193 138 0.068866
193 47 0.068875
216 128 0.068891
89 25 0.068925
198 109 0.068981
147 93 0.069088
176 55 0.069139
175 59 0.069146
190 96 0.069172
259 95 0.069186
174 20 0.069230
257 146 0.069263
123 52 0.069313
252 86 0.069318
156 34 0.069342
135 105 0.069352
132 8 0.069352
203 194 0.069353
198 108 0.069459
195 90 0.069472
195 165 0.069500
195 143 0.069505
216 101 0.069524
260 79 0.069529
208 105 0.069542
181 12 0.069566
208 81 0.069670
211 181 0.069699
150 118 0.069699
100 42 0.069707
209 3 0.069736
159 86 0.069765
259 79 0.069786
189 105 0.069799
148 80 0.069835
126 84 0.069849
99 51 0.069916
252 170 0.069933
261 15 0.069935
100 54 0.069944
221 40 0.069945
97 59 0.069988
170 1 0.070025
259 170 0.070069
220 108 0.070088
201 42 0.070109
223 110 -0.070131
194 145 0.070134
255 92 0.070144
236 74 0.070175
249 168 -0.070203
253 243 0.070243
250 155 -0.070276
239 143 0.070330
217 99 0.070407
264 99 0.070422
206 115 0.070445
197 76 0.070450
247 181 0.070471
94 54 0.070483
209 109 0.070543
211 139 0.070556
166 1 0.070567
156 96 0.070578
170 164 0.070597
217 104 0.070626
150 83 0.070668
140 1 0.070684
207 189 0.070705
201 20 0.070736
94 16 0.070739
209 101 0.070753
259 118 0.070762
201 57 0.070768
190 92 0.070772
156 121 0.070801
252 146 0.070817
181 60 0.070828
216 186 0.070849
187 51 0.070860
177 26 0.070890
94 30 0.070917
174 45 0.070942
190 95 0.070967
201 59 0.070972
241 219 0.071005
177 67 0.071028
159 1 0.071033
170 80 0.071076
151 1 0.071170
217 105 0.071174
209 123 0.071202
136 33 0.071205
194 136 0.071208
216 201 0.071259
74 1 0.071329
146 118 0.071335
164 86 0.071340
253 146 0.071394
210 181 0.071397
156 97 0.071412
192 156 0.071500
203 152 0.071507
94 25 0.071633
110 91 -0.071679
133 20 0.071697
191 170 0.071750
162 80 0.071804
130 20 0.071809
99 16 0.071820
133 48 0.071823
98 97 0.071824
180 111 0.071841
261 51 0.071888
177 66 0.071893
190 133 0.071997
192 41 0.072025
169 163 0.072059
236 151 0.072116
54 51 0.072125
188 102 0.072169
82 52 0.072184
259 152 0.072200
216 104 0.072329
195 136 0.072364
236 171 0.072372
195 24 0.072373
187 66 0.072378
143 84 0.072398
191 92 0.072422
128 81 -0.072447
220 122 0.072544
94 40 0.072546
152 118 0.072556
195 28 0.072573
198 107 0.072582
258 194 0.072594
54 15 0.072604
170 141 0.072620
209 82 0.072620
259 145 0.072632
199 24 0.072634
210 108 0.072647
177 42 0.072682
198 110 0.072749
236 166 0.072767
151 86 0.072788
199 25 0.072793
123 3 0.072851
89 33 0.072862
255 195 0.072914
129 57 0.072936
192 25 0.072996
194 157 0.073004
260 86 0.073040
101 99 0.073068
207 206 0.073081
195 160 0.073160
258 24 0.073203
195 144 0.073207
216 115 0.073214
213 97 0.073281
177 65 0.073287
96 48 0.073325
195 191 0.073360
173 80 0.073362
215 201 0.073379
255 94 0.073405
197 105 0.073509
194 48 0.073579
177 48 0.073585
143 118 0.073596
192 136 0.073659
130 128 -0.073690
256 192 0.073754
118 42 0.073763
220 110 0.073767
131 124 0.073771
206 111 0.073817
198 105 0.073824
259 130 0.073841
259 236 0.073875
205 63 0.073949
169 80 0.073953
229 125 0.073973
166 86 0.074017
203 191 0.074048
259 94 0.074082
177 64 0.074162
175 60 0.074200
180 110 0.074235
84 65 0.074259
195 72 0.074275
177 170 0.074283
236 172 0.074294
202 98 0.074363
259 163 0.074445
146 86 0.074450
129 58 0.074458
93 33 0.074486
90 33 0.074491
255 221 0.074503
190 90 0.074513
216 105 0.074604
174 24 0.074606
194 25 0.074623
187 14 0.074638
174 51 0.074690
210 107 0.074694
208 129 0.074716
216 98 0.074849
102 3 0.074869
180 107 0.074882
138 121 0.074889
220 139 0.074937
256 121 0.074979
217 112 0.075025
115 59 0.075061
84 66 0.075084
195 25 0.075093
255 204 0.075160
195 167 0.075188
99 53 0.075209
236 170 0.075227
187 121 0.075297
95 33 0.075307
188 106 0.075373
133 33 0.075399
194 190 0.075444
252 152 0.075488
177 69 0.075491
242 181 0.075510
259 42 0.075525
191 166 0.075527
190 163 0.075544
126 118 0.075621
259 194 0.075624
94 14 0.075639
118 33 0.075676
203 199 0.075704
209 108 0.075731
238 125 0.075741
195 48 0.075755
152 8 0.075766
94 28 0.075775
117 65 0.075868
117 70 0.075895
209 12 0.075900
195 146 0.075991
195 166 0.076012
191 130 0.076148
264 94 0.076150
181 78 0.076155
219 209 0.076167
167 86 0.076200
147 79 0.076431
30 24 0.076512
191 177 0.076546
236 167 0.076546
206 122 0.076689
220 106 0.076739
210 109 0.076831
174 42 0.076869
235 194 0.076873
191 90 0.076904
255 177 0.077099
219 106 0.077124
209 206 0.077160
193 29 0.077251
205 71 0.077263
191 167 0.077294
210 110 0.077442
139 60 0.077442
24 20 0.077452
259 195 0.077517
259 131 0.077528
202 102 0.077542
220 115 0.077551
208 109 0.077566
220 80 0.077583
256 105 0.077635
241 78 0.077750
64 33 0.077841
257 150 0.077922
66 33 0.077943
98 54 0.077967
199 136 0.078022
121 54 0.078132
187 42 0.078252
118 65 0.078265
191 93 0.078364
195 159 0.078418
152 86 0.078433
54 16 0.078501
94 51 0.078502
259 90 0.078525
260 163 0.078595
195 34 0.078860
133 14 0.078923
152 131 0.078979
187 55 0.079026
211 123 0.079033
92 33 0.079154
220 76 0.079414
194 20 0.079457
199 96 0.079516
236 154 0.079625
232 117 0.079634
80 33 0.079654
94 20 0.079737
259 92 0.079746
204 194 0.079822
195 33 0.079874
94 24 0.079885
82 60 0.080005
177 152 0.080033
130 33 0.080125
34 33 0.080184
215 105 0.080312
261 24 0.080321
194 162 0.080359
193 54 0.080397
170 86 0.080495
94 72 0.080511
99 47 0.080544
255 41 0.080565
260 177 0.080571
253 246 0.080648
112 105 0.080779
177 24 0.080961
203 24 0.081102
260 195 0.081153
195 145 0.081450
117 58 0.081471
216 99 0.081507
257 170 0.081545
260 219 0.081626
220 102 0.081723
99 59 0.081738
186 71 0.081752
131 33 0.081844
94 48 0.081973
104 54 0.082013
112 101 0.082035
194 33 0.082131
180 109 0.082139
193 53 0.082151
202 16 0.082251
118 20 0.082269
112 104 0.082310
236 146 0.082396
187 70 0.082402
195 152 0.082550
219 191 0.082558
177 72 0.082572
219 186 0.082616
213 99 0.082647
253 152 0.082679
147 86 0.082720
195 148 0.082741
259 177 0.082882
194 191 0.082946
191 145 0.082962
180 5 0.083106
124 84 0.083169
94 41 0.083171
215 115 0.083296
117 33 0.083365
155 1 0.083373
96 20 0.083472
236 147 0.083578
20 14 0.083765
198 76 0.083902
211 82 0.083932
206 105 0.084181
177 34 0.084252
259 96 0.084349
33 24 0.084411
255 194 0.084412
203 195 0.084473
195 68 0.084565
24 14 0.085036
159 80 0.085037
187 96 0.085059
194 156 0.085213
220 109 0.085332
255 96 0.085337
188 105 0.085598
94 33 0.085809
209 189 0.086066
195 170 0.086124
258 96 0.086175
201 55 0.086542
212 105 0.086653
156 80 0.086659
187 45 0.087345
260 236 0.087420
256 194 0.087698
208 117 0.087699
33 14 0.087723
97 54 0.087894
78 12 0.088155
124 118 0.088269
156 1 0.088593
117 57 0.088758
194 169 0.088921
187 117 0.089643
220 111 0.089756
191 163 0.089861
209 139 0.090061
178 121 0.090876
255 192 0.090903
209 181 0.090916
236 164 0.090940
236 152 0.090994
117 55 0.091239
187 24 0.091350
262 236 0.091416
177 30 0.091427
191 96 0.091453
96 33 0.091713
177 33 0.092027
177 68 0.092078
194 144 0.094058
220 105 0.094097
241 220 0.094592
117 20 0.095039
195 30 0.095046
216 16 0.095164
195 20 0.095184
194 159 0.098044
239 125 0.102194
99 54 0.102821
259 24 0.103077
250 8 0.104999
256 96 0.105231
177 20 0.112128
